1789335423   1056
1789335433 107696
1789335443  73616
1789335453  78976
1789335463  84704
1789335473  89904
1789335483  95520
1789335493 100720
1789335503 105856
1789335513 110896
1789335523  81744
1789335533  82896
1789335543  80304
1789335553  85328
1789335563  90592
1789335573  93968
1789335583  89216
1789335593  92240
1789335603  95664
1789335613 100736
1789335623 103040
1789335633 108080
1789335643 115312
1789335653 120368
1789335663 125152
1789335673 129568
1789335683 134176
1789335693 136080
1789335703 135776
1789335713 136240
1789335723 136240
1789335733 136240
1789335743 136240
1789335753 134560
1789335763 134576
1789335773 134576
1789335783 126976
1789335793 126976
1789335803 127504
1789335813 127936
1789335823 116448
1789335833 116624
1789335843 118848
1789335853 123840
1789335863 128832
1789335873 133840
1789335883 136064
1789335893 136080
1789335903 136080
1789335913 113792
1789335923 118800
1789335933 115040
1789335944 120560
1789335954 123152
1789335964  89072
1789335974  89008
1789335984  94032
1789335994  99056
1789336004  98944
1789336014  92544
1789336024  93952
1789336034  98976
1789336044 103984
1789336054 109008
1789336064 113552
1789336074 118576
1789336084 123568
1789336094 128528
1789336104 111872
1789336114 113712
1789336124  89120
1789336134  94112
1789336144  99184
1789336154 104176
1789336164 109184
1789336174 100944
1789336184 104976
1789336194 109968
1789336204 114976
1789336214 119952
1789336224 125200
1789336234 130144
1789336244 130160
1789336254 130192
1789336264 123504
1789336274 122752
1789336284 122784
1789336294 122784
1789336304 117568
1789336314 118240
1789336324 118272
1789336334 118288
1789336344 118320
1789336354 118384
1789336364 118384
1789336374 119824
1789336384 124800
1789336394 129456
1789336404 129760
1789336414 129760
1789336424 129776
1789336434 129792
1789336444 129808
1789336454 129808
1789336464 129808
1789336474 130032
1789336484 130048
1789336494 130048
1789336504 130448
1789336514 130448
1789336524 130448
1789336534 108864
1789336544  71136
1789336554  72672
1789336565  75936
1789336575  79584
1789336585  81376
1789336595  86016
1789336605  87568
1789336615  92592
1789336625  97600
1789336635 103248
1789336645  97520
1789336655  99712
1789336665  74048
1789336675  77376
1789336685  76720
1789336695  79680
1789336705  76736
1789336715  80912
1789336725  81536
1789336735  80720
1789336745  74336
1789336755  79376
1789336765  84432
1789336775  89424
1789336785  90864
1789336795  93888
1789336805  98896
1789336815 103024
1789336825 107728
1789336835 111984
1789336845  96912
1789336855 102032
1789336865 107056
1789336875 112064
1789336885 117040
1789336895 121264
1789336905 111520
1789336915 116704
1789336925 106048
1789336935  86464
1789336945  92784
1789336955  97792
1789336965 102848
1789336975 107872
1789336985 112880
1789336995 113792
1789337005 118928
1789337015 123888
1789337025 128896
1789337035 130672
1789337045 130704
1789337055 130704
1789337065 130704
1789337075 130704
1789337085 130704
1789337095 130704
1789337105 130704
1789337115 130720
1789337125 130752
1789337135 130768
1789337145 130768
1789337155 130768
1789337165 130768
1789337175 130384
1789337186 130592
1789337196 130608
1789337206 130608
1789337216 130608
1789337226 130608
1789337236 130608
1789337246 129568
1789337256 125696
1789337266 124320
1789337276 124400
1789337286 124416
1789337296 124592
1789337306 125488
1789337316 127792
1789337326 130688
1789337336 130688
1789337346 130720
1789337356 119072
1789337366 123952
1789337376 128896
1789337386 129440
1789337396 129760
1789337406 129760
1789337416 129776
1789337426 129776
1789337436 129776
1789337446 130224
1789337456 130208
1789337466 130272
1789337476 128432
1789337486 128432
1789337496 128464
1789337506 128464
1789337516 128464
1789337526 128464
1789337536 122592
1789337546 122592
1789337556 123072
1789337566 125360
1789337576 128800
1789337586 128768
1789337596 128768
1789337606 128768
1789337616 128768
1789337626 128784
1789337636 128816
1789337646 128816
1789337656 128832
1789337666 128832
1789337676 128832
1789337686 128832
1789337696 125840
1789337706 124944
1789337716 119664
1789337726 106400
1789337736 107904
1789337746 112896
1789337756 117872
1789337766 122864
1789337776 127824
1789337786 128784
1789337796 128800
1789337806 128800
1789337816 128800
1789337826 128800
1789337836 128800
1789337846 128800
1789337856 128816
1789337867 127824
1789337877 127840
1789337887 127840
1789337897 127840
1789337907 127840
1789337917 127824
1789337927 127824
1789337937 127824
1789337947 105664
1789337957 110848
1789337967 108512
1789337977 113440
1789337987 116688
1789337997  87952
1789338007  92992
1789338017  98016
1789338027 103024
1789338037 108016
1789338047 105104
1789338057 110128
1789338067 115136
1789338077 120144
1789338087 115552
1789338097 116624
1789338107 115632
1789338117  98816
1789338127  80880
1789338137  84464
1789338147  89472
1789338157  94464
1789338167  96736
1789338177 101792
1789338187 106752
1789338197 110640
1789338207 102848
1789338217 107040
1789338227  80688
1789338237  80560
1789338247  85232
1789338257  90208
1789338267  89472
1789338277  94448
1789338287  94880
1789338297  99872
1789338307 104880
1789338317 109856
1789338327 114816
1789338337 119824
1789338347 119936
1789338357 107984
1789338367 104704
1789338377 109632
1789338387  85840
1789338397  81936
1789338407  81312
1789338417  72736
1789338427  77776
1789338437  82784
1789338447  87648
1789338457  92656
1789338467  97696
1789338477 101216
1789338487  94096
1789338497  97872
1789338507  74032
1789338517  70560
1789338527  75200
1789338537  80240
1789338547  84752
1789338557  89792
1789338567  94640
1789338577  99664
1789338587 104672
1789338597 109600
1789338607 113424
1789338617 118448
1789338627 117248
1789338637 114304
1789338648 115056
1789338658 120048
1789338668 125040
1789338678 127552
1789338688 127600
1789338698 128768
1789338708 128768
1789338718 128784
1789338728 127200
1789338738 128720
1789338748 128720
1789338758 104208
1789338768  70256
1789338778  73968
1789338788  78352
1789338798  83360
1789338808  87632
1789338818  90960
1789338828  73760
1789338838  73168
1789338848  73456
1789338858  79232
1789338868  83632
1789338878  83664
1789338888  83824
1789338898  88832
1789338908  93856
1789338918  98976
1789338928 104000
1789338938 109008
1789338948 114944
1789338958 119952
1789338968 124960
1789338978 129440
1789338988 129424
1789338998 129424
1789339008 123760
1789339018 122672
